%YAML:1.0
stereo0:
  cam0:
    cam_overlaps: [1]
    camera_model: pinhole
    distortion_coeffs: [0.6693963479781858, 0.08879171633085525, 0.00011807759691606138, -2.5494010265762643e-05, 0.0014090431776358717, 1.0372319717709115, 0.242673326860806, 0.012128738646237248]
    distortion_model: radtan
    intrinsics: [522.9887627385398, 465.177590496612, 640.6843901767436, 296.4969393825901]
    resolution: [1280, 640]
    rostopic: /cam0/image_raw
  cam1:
    T_cn_cnm1:
      - [0.9999969287241671, 0.0002827170252880068, -0.0024622374614799727, -0.06982807103051285]
      - [-0.00028028107160554626, 0.9999994710530665, 0.000989614120807373, 8.310098641622103e-05]
      - [0.002462515939847433, -0.0009889209628751953, 0.999996479019089, -2.6330326465651815e-05]
      - [0.0, 0.0, 0.0, 1.0]
    cam_overlaps: [0]
    camera_model: pinhole
    distortion_coeffs: [0.7302616747198659, 0.10008749442030528, 2.675668632953419e-05, 0.0003362267895579388, 0.0014067253454116428, 1.098515351602618, 0.27358629246008015, 0.01268369652711978]
    distortion_model: radtan
    intrinsics: [522.8077039341587, 465.19761924939195, 691.0504772769832, 301.87015007548644]
    resolution: [1280, 640]
    rostopic: /cam1/image_raw
