%YAML:1.0
stereo0:
  cam0:
    cam_overlaps: [1]
    camera_model: pinhole
    distortion_coeffs: [0.6625507093588776, 0.08616078360383651, 0.000117979079651823, -2.5390924084716346e-05, 0.0013502698397050666, 1.030368242487898, 0.23756966201864027, 0.011670012634377218]
    distortion_model: radtan
    intrinsics: [522.987318927369, 465.17632086735915, 640.6834761910618, 296.49717769439275]
    resolution: [1280, 640]
    rostopic: /cam0/image_raw
  cam1:
    T_cn_cnm1:
      - [0.9999969250064193, 0.0002827702505168917, -0.0024637407921901658, -0.06982804981933936]
      - [-0.00028033291084549, 0.999999471078922, 0.0009895733097660413, 8.30931328362612e-05]
      - [0.00246401931095844, -0.0009888795992066158, 0.9999964753567752, -2.605836393288308e-05]
      - [0.0, 0.0, 0.0, 1.0]
    cam_overlaps: [0]
    camera_model: pinhole
    distortion_coeffs: [0.6856268465002312, 0.08312187317832002, 2.6593917403246785e-05, 0.00033590409920205, 0.0010004747047572904, 1.0537448627298214, 0.24058331985632464, 0.009707404432533462]
    distortion_model: radtan
    intrinsics: [522.8017538623257, 465.19235985534107, 691.0503875833843, 301.87044007470973]
    resolution: [1280, 640]
    rostopic: /cam1/image_raw
