%YAML:1.0
stereo0:
  cam0:
    cam_overlaps: [1]
    camera_model: pinhole
    distortion_coeffs: [0.666822612679281, 0.0877969375586804, 0.00011854553340452057, -2.7192119060906282e-05, 0.0013800409096278484, 1.0346505008911975, 0.24077390795026699, 0.011939884819074502]
    distortion_model: radtan
    intrinsics: [522.9961867272149, 465.1842037226449, 640.6923298301448, 296.49439402328176]
    resolution: [1280, 640]
    rostopic: /cam0/image_raw
  cam1:
    T_cn_cnm1:
      - [0.9999969428134574, 0.00028319399699163286, -0.0024564537241100154, -0.06982923514221506]
      - [-0.0002807557188883041, 0.9999994676737721, 0.000992888915587007, 8.343898174693528e-05]
      - [0.0024567335966558467, -0.0009921962167091416, 0.9999964899971913, -2.6187134606507315e-05]
      - [0.0, 0.0, 0.0, 1.0]
    cam_overlaps: [0]
    camera_model: pinhole
    distortion_coeffs: [1.1975949797513823, 0.2854215201233089, 2.778990583183929e-05, 0.00033730640921323903, 0.006134425810519889, 1.5668809465540703, 0.6276664311004336, 0.04625688693110121]
    distortion_model: radtan
    intrinsics: [522.8518853956858, 465.2366319959192, 691.0556714241155, 301.8657561949378]
    resolution: [1280, 640]
    rostopic: /cam1/image_raw
